-10 -9.39511 -8.79023 -8.18534 -7.58047 -6.97604 -6.37983 -5.80869 -5.22062 -4.61706 -4.01221 -3.40733 -2.80244 -2.19756 -1.59268 -0.988221 -0.391613 0.179772 0.767254 1.37073 1.97557 2.58046 3.18534 3.79023 4.39511 5
-10 -9.39531 -8.79062 -8.18593 -7.58125 -6.977 -6.38064 -5.80834 -5.2198 -4.61637 -4.01172 -3.40704 -2.80235 -2.19766 -1.59298 -0.988692 -0.391948 0.180582 0.768564 1.3719 1.97655 2.58124 3.18593 3.79062 4.39531 5
-10 -9.39551 -8.79101 -8.18652 -7.58203 -6.97795 -6.38144 -5.80799 -5.21897 -4.61569 -4.01124 -3.40674 -2.80225 -2.19775 -1.59327 -0.989163 -0.392284 0.181391 0.769874 1.37307 1.97753 2.58202 3.18652 3.79101 4.39551 5
-10 -9.3957 -8.7914 -8.1871 -7.58281 -6.97891 -6.38225 -5.80765 -5.21815 -4.61501 -4.01075 -3.40645 -2.80215 -2.19785 -1.59356 -0.989634 -0.392619 0.1822 0.771184 1.37424 1.9785 2.5828 3.1871 3.7914 4.3957 5
-10 -9.3959 -8.79179 -8.18769 -7.5836 -6.97987 -6.38306 -5.8073 -5.21732 -4.61433 -4.01026 -3.40616 -2.80205 -2.19795 -1.59385 -0.990105 -0.392955 0.183009 0.772493 1.37542 1.97948 2.58358 3.18769 3.79179 4.3959 5
-10 -9.39609 -8.79218 -8.18827 -7.58438 -6.98083 -6.38386 -5.80695 -5.2165 -4.61364 -4.00977 -3.40586 -2.80195 -2.19805 -1.59415 -0.990576 -0.39329 0.183818 0.773803 1.37659 1.98046 2.58437 3.18827 3.79218 4.39609 5
-10 -9.39629 -8.79257 -8.18886 -7.58516 -6.98179 -6.38467 -5.8066 -5.21567 -4.61296 -4.00928 -3.40557 -2.80186 -2.19814 -1.59444 -0.991048 -0.393626 0.184627 0.775113 1.37776 1.98143 2.58515 3.18886 3.79257 4.39629 5
-10 -9.39648 -8.79296 -8.18945 -7.58594 -6.98275 -6.38548 -5.80626 -5.21485 -4.61228 -4.00879 -3.40528 -2.80176 -2.19824 -1.59473 -0.991519 -0.393961 0.185436 0.776423 1.37893 1.98241 2.58593 3.18945 3.79296 4.39648 5
-10 -9.39668 -8.79336 -8.19003 -7.58672 -6.98371 -6.38628 -5.80591 -5.21402 -4.6116 -4.00831 -3.40498 -2.80166 -2.19834 -1.59503 -0.99199 -0.394297 0.186245 0.777733 1.3801 1.98339 2.58671 3.19003 3.79336 4.39668 5
-10 -9.39687 -8.79375 -8.19062 -7.5875 -6.98466 -6.38709 -5.80556 -5.2132 -4.61092 -4.00782 -3.40469 -2.80156 -2.19844 -1.59532 -0.992461 -0.394632 0.187054 0.779043 1.38127 1.98437 2.58749 3.19062 3.79375 4.39687 5
-10 -9.39707 -8.79414 -8.19121 -7.58828 -6.98562 -6.3879 -5.80521 -5.21237 -4.61023 -4.00733 -3.4044 -2.80147 -2.19853 -1.59561 -0.992932 -0.394968 0.187863 0.780352 1.38244 1.98534 2.58827 3.19121 3.79414 4.39707 5
-10 -9.39726 -8.79453 -8.19179 -7.58906 -6.98658 -6.3887 -5.80487 -5.21155 -4.60955 -4.00684 -3.4041 -2.80137 -2.19863 -1.5959 -0.993404 -0.395303 0.188673 0.781662 1.38361 1.98632 2.58906 3.19179 3.79453 4.39726 5
-10 -9.39746 -8.79492 -8.19238 -7.58984 -6.98754 -6.38951 -5.80452 -5.21072 -4.60887 -4.00635 -3.40381 -2.80127 -2.19873 -1.5962 -0.993875 -0.395639 0.189482 0.782972 1.38478 1.9873 2.58984 3.19238 3.79492 4.39746 5
-10 -9.39765 -8.79531 -8.19296 -7.59063 -6.9885 -6.39032 -5.80417 -5.2099 -4.60819 -4.00586 -3.40352 -2.80117 -2.19883 -1.59649 -0.994346 -0.395974 0.190291 0.784282 1.38595 1.98827 2.59062 3.19296 3.79531 4.39765 5
-10 -9.39785 -8.7957 -8.19355 -7.59141 -6.98946 -6.39112 -5.80382 -5.20907 -4.6075 -4.00537 -3.40322 -2.80107 -2.19893 -1.59678 -0.994817 -0.39631 0.1911 0.785592 1.38712 1.98925 2.5914 3.19355 3.7957 4.39785 5
-10 -9.39805 -8.79609 -8.19414 -7.59219 -6.99042 -6.39193 -5.80348 -5.20825 -4.60682 -4.00489 -3.40293 -2.80098 -2.19902 -1.59707 -0.995288 -0.396645 0.191909 0.786902 1.38829 1.99023 2.59218 3.19414 3.79609 4.39805 5
-10 -9.39824 -8.79648 -8.19472 -7.59297 -6.99137 -6.39274 -5.80313 -5.20742 -4.60614 -4.0044 -3.40264 -2.80088 -2.19912 -1.59737 -0.995759 -0.396981 0.192718 0.788211 1.38946 1.99121 2.59296 3.19472 3.79648 4.39824 5
-10 -9.39844 -8.79687 -8.19531 -7.59375 -6.99233 -6.39355 -5.80278 -5.2066 -4.60546 -4.00391 -3.40235 -2.80078 -2.19922 -1.59766 -0.996231 -0.397316 0.193527 0.789521 1.39063 1.99218 2.59375 3.19531 3.79687 4.39844 5
-10 -9.39863 -8.79726 -8.1959 -7.59453 -6.99329 -6.39435 -5.80243 -5.20577 -4.60478 -4.00342 -3.40205 -2.80068 -2.19932 -1.59795 -0.996702 -0.397652 0.194336 0.790831 1.39181 1.99316 2.59453 3.1959 3.79726 4.39863 5
-10 -9.39883 -8.79765 -8.19648 -7.59531 -6.99425 -6.39516 -5.80209 -5.20495 -4.60409 -4.00293 -3.40176 -2.80059 -2.19941 -1.59824 -0.997173 -0.397987 0.195145 0.792141 1.39298 1.99414 2.59531 3.19648 3.79765 4.39883 5
-10 -9.39902 -8.79805 -8.19707 -7.59609 -6.99521 -6.39597 -5.80174 -5.20412 -4.60341 -4.00244 -3.40147 -2.80049 -2.19951 -1.59854 -0.997644 -0.398323 0.195954 0.793451 1.39415 1.99511 2.59609 3.19707 3.79805 4.39902 5
-10 -9.39922 -8.79844 -8.19765 -7.59688 -6.99617 -6.39677 -5.80139 -5.2033 -4.60273 -4.00195 -3.40117 -2.80039 -2.19961 -1.59883 -0.998115 -0.398658 0.196764 0.794761 1.39532 1.99609 2.59687 3.19765 3.79844 4.39922 5
-10 -9.39941 -8.79883 -8.19824 -7.59766 -6.99712 -6.39758 -5.80104 -5.20247 -4.60205 -4.00147 -3.40088 -2.80029 -2.19971 -1.59912 -0.998586 -0.398994 0.197573 0.79607 1.39649 1.99707 2.59765 3.19824 3.79883 4.39941 5
-10 -9.39961 -8.79922 -8.19883 -7.59844 -6.99808 -6.39839 -5.8007 -5.20165 -4.60136 -4.00098 -3.40059 -2.8002 -2.1998 -1.59941 -0.999058 -0.399329 0.198382 0.79738 1.39766 1.99805 2.59844 3.19883 3.79922 4.39961 5
-10 -9.3998 -8.79961 -8.19941 -7.59922 -6.99904 -6.39919 -5.80035 -5.20082 -4.60068 -4.00049 -3.40029 -2.8001 -2.1999 -1.59971 -0.999529 -0.399665 0.199191 0.79869 1.39883 1.99902 2.59922 3.19941 3.79961 4.3998 5
-10 -9.4 -8.8 -8.2 -7.6 -7 -6.4 -5.8 -5.2 -4.6 -4 -3.4 -2.8 -2.2 -1.6 -1 -0.4 0.2 0.8 1.4 2 2.6 3.2 3.8 4.4 5
