0 1.59097e-05 0.000112925 0.000707048 0.00432283 0.0253881 0.121205 0.319833 0.455991 0.492229 0.498716 0.499789 0.499887 0.499314 0.495828 0.475475 0.382008 0.184172 0.0454877 0.00805328 0.00132945 0.000216652 3.50155e-05 5.51844e-06 8.16078e-07 1.52951e-07
0.12 0.120015 0.120108 0.120679 0.12415 0.144373 0.236357 0.427039 0.557752 0.59254 0.598767 0.599797 0.599891 0.599342 0.595994 0.576456 0.486728 0.296805 0.163668 0.127731 0.121276 0.120208 0.120034 0.120005 0.120001 0.12
0.24 0.240015 0.240104 0.24065 0.243977 0.263357 0.351509 0.534246 0.659512 0.692851 0.698819 0.699806 0.699896 0.699369 0.696161 0.677437 0.591447 0.409438 0.281849 0.247409 0.241223 0.240199 0.240032 0.240005 0.240001 0.24
0.36 0.360014 0.360099 0.360622 0.363804 0.382342 0.46666 0.641453 0.761272 0.793162 0.79887 0.799814 0.7999 0.799397 0.796328 0.778418 0.696167 0.522072 0.400029 0.367087 0.36117 0.360191 0.360031 0.360005 0.360001 0.36
0.48 0.480013 0.480095 0.480594 0.483631 0.501326 0.581812 0.748659 0.863033 0.893473 0.898921 0.899823 0.899905 0.899424 0.896495 0.879399 0.800887 0.634705 0.51821 0.486765 0.481117 0.480182 0.480029 0.480005 0.480001 0.48
0.6 0.600013 0.60009 0.600566 0.603458 0.62031 0.696964 0.855866 0.964793 0.993783 0.998973 0.999831 0.999909 0.999451 0.996662 0.98038 0.905606 0.747338 0.63639 0.606443 0.601064 0.600173 0.600028 0.600004 0.600001 0.6
0.72 0.720012 0.720086 0.720537 0.723285 0.739295 0.812116 0.963073 1.06655 1.09409 1.09902 1.09984 1.09991 1.09948 1.09683 1.08136 1.01033 0.859971 0.754571 0.72612 0.72101 0.720165 0.720027 0.720004 0.720001 0.72
0.84 0.840011 0.840081 0.840509 0.843112 0.858279 0.927268 1.07028 1.16831 1.19441 1.19908 1.19985 1.19992 1.19951 1.197 1.18234 1.11505 0.972604 0.872751 0.845798 0.840957 0.840156 0.840025 0.840004 0.840001 0.84
0.96 0.960011 0.960077 0.960481 0.962939 0.977264 1.04242 1.17749 1.27007 1.29472 1.29913 1.29986 1.29992 1.29953 1.29716 1.28332 1.21977 1.08524 0.990932 0.965476 0.960904 0.960147 0.960024 0.960004 0.960001 0.96
1.08 1.08001 1.08007 1.08045 1.08277 1.09625 1.15757 1.28469 1.37183 1.39503 1.39918 1.39986 1.39993 1.39956 1.39733 1.3843 1.32449 1.19787 1.10911 1.08515 1.08085 1.08014 1.08002 1.08 1.08 1.08
1.2 1.20001 1.20007 1.20042 1.20259 1.21523 1.27272 1.3919 1.47359 1.49534 1.49923 1.49987 1.49993 1.49959 1.4975 1.48528 1.4292 1.3105 1.22729 1.20483 1.2008 1.20013 1.20002 1.2 1.2 1.2
1.32 1.32001 1.32006 1.3204 1.32242 1.33422 1.38787 1.49911 1.57536 1.59565 1.59928 1.59988 1.59994 1.59962 1.59766 1.58627 1.53392 1.42314 1.34547 1.32451 1.32074 1.32012 1.32002 1.32 1.32 1.32
1.44 1.44001 1.44006 1.44037 1.44225 1.4532 1.50303 1.60631 1.67712 1.69596 1.69933 1.69989 1.69994 1.69964 1.69783 1.68725 1.63864 1.53577 1.46365 1.44419 1.44069 1.44011 1.44002 1.44 1.44 1.44
1.56 1.56001 1.56005 1.56034 1.56207 1.57219 1.61818 1.71352 1.77888 1.79627 1.79938 1.7999 1.79995 1.79967 1.798 1.78823 1.74336 1.6484 1.58183 1.56387 1.56064 1.5601 1.56002 1.56 1.56 1.56
1.68 1.68001 1.68005 1.68031 1.6819 1.69117 1.73333 1.82073 1.88064 1.89658 1.89943 1.89991 1.89995 1.8997 1.89816 1.88921 1.84808 1.76104 1.70001 1.68354 1.68058 1.6801 1.68002 1.68 1.68 1.68
1.8 1.80001 1.80005 1.80028 1.80173 1.81016 1.84848 1.92793 1.9824 1.99689 1.99949 1.99992 1.99995 1.99973 1.99833 1.99019 1.9528 1.87367 1.8182 1.80322 1.80053 1.80009 1.80001 1.8 1.8 1.8
1.92 1.92001 1.92004 1.92025 1.92156 1.92914 1.96363 2.03514 2.08416 2.0972 2.09954 2.09992 2.09996 2.09975 2.0985 2.09117 2.05752 1.9863 1.93638 1.9229 1.92048 1.92008 1.92001 1.92 1.92 1.92
2.04 2.04 2.04004 2.04023 2.04138 2.04812 2.07879 2.14235 2.18592 2.19751 2.19959 2.19993 2.19996 2.19978 2.19866 2.19215 2.16224 2.09894 2.05456 2.04258 2.04043 2.04007 2.04001 2.04 2.04 2.04
2.16 2.16 2.16003 2.1602 2.16121 2.16711 2.19394 2.24955 2.28768 2.29782 2.29964 2.29994 2.29997 2.29981 2.29883 2.29313 2.26696 2.21157 2.17274 2.16225 2.16037 2.16006 2.16001 2.16 2.16 2.16
2.28 2.28 2.28003 2.28017 2.28104 2.28609 2.30909 2.35676 2.38944 2.39813 2.39969 2.39995 2.39997 2.39984 2.399 2.39411 2.37168 2.3242 2.29092 2.28193 2.28032 2.28005 2.28001 2.28 2.28 2.28
2.4 2.4 2.40002 2.40014 2.40086 2.40508 2.42424 2.46397 2.4912 2.49845 2.49974 2.49996 2.49998 2.49986 2.49917 2.49509 2.4764 2.43683 2.4091 2.40161 2.40027 2.40004 2.40001 2.4 2.4 2.4
2.52 2.52 2.52002 2.52011 2.52069 2.52406 2.53939 2.57117 2.59296 2.59876 2.59979 2.59997 2.59998 2.59989 2.59933 2.59608 2.58112 2.54947 2.52728 2.52129 2.52021 2.52003 2.52001 2.52 2.52 2.52
2.64 2.64 2.64001 2.64008 2.64052 2.64305 2.65454 2.67838 2.69472 2.69907 2.69985 2.69997 2.69999 2.69992 2.6995 2.69706 2.68584 2.6621 2.64546 2.64097 2.64016 2.64003 2.64 2.64 2.64 2.64
2.76 2.76 2.76001 2.76006 2.76035 2.76203 2.7697 2.78559 2.79648 2.79938 2.7999 2.79998 2.79999 2.79995 2.79967 2.79804 2.79056 2.77473 2.76364 2.76064 2.76011 2.76002 2.76 2.76 2.76 2.76
2.88 2.88 2.88 2.88003 2.88017 2.88102 2.88485 2.89279 2.89824 2.89969 2.89995 2.89999 2.9 2.89997 2.89983 2.89902 2.89528 2.88737 2.88182 2.88032 2.88005 2.88001 2.88 2.88 2.88 2.88
3 3 3 3 3 3 3 3 3 3 3 3 3 3 3 3 3 3 3 3 3 3 3 3 3 3
